0  71.527 -62.4877  -> 71.527 -62.4877   =  0
1  -58.2764 -33.7792  -> -58.2764 -33.7792   =  -0
2  67.7854 -99.8628  -> 67.7854 -99.8628   =  -0
3  -34.5179 -10.9006  -> -34.5179 -10.9006   =  -0
4  -21.0069 4.83079  -> -21.0069 4.83079   =  2.07416e-256
5  -38.4866 73.9516  -> -38.4866 73.9516   =  -0
6  -75.5491 92.6296  -> -75.5491 92.6296   =  0
7  42.3294 -81.6738  -> 42.3294 -81.6738   =  0
8  84.0452 64.6983  -> 84.0452 64.6983   =  -0
9  -94.3409 34.2888  -> -94.3409 34.2888   =  0
10  -77.4495 61.3751  -> -77.4495 61.3751   =  0
11  -11.6879 32.0379  -> -11.6879 32.0379   =  -0
12  16.5485 75.9673  -> 16.5485 75.9673   =  0
13  78.0769 -37.3036  -> 78.0769 -37.3036   =  0
14  -23.825 -58.5661  -> -23.825 -58.5661   =  0
15  -45.4529 -52.298  -> -45.4529 -52.298   =  0
16  -21.0537 -3.72923  -> -21.0537 -3.72923   =  -8.86991e-276
17  13.9228 -53.2683  -> 13.9228 -53.2683   =  0
18  -3.59206 79.4049  -> -3.59206 79.4049   =  -0
19  35.8311 75.401  -> 35.8311 75.401   =  0
20  -15.7643 97.3444  -> -15.7643 97.3444   =  -0
21  49.3526 8.68665  -> 49.3526 8.68665   =  0
22  89.9741 -8.31797  -> 89.9741 -8.31797   =  -0
23  27.0129 74.0193  -> 27.0129 74.0193   =  0
24  -43.6197 32.672  -> -43.6197 32.672   =  -0
25  8.30812 -21.0691  -> 8.30812 -21.0691   =  -1.84024e-267
26  -5.95292 96.6202  -> -5.95292 96.6202   =  0
27  -89.0312 -89.4044  -> -89.0312 -89.4044   =  -0
28  72.5875 89.0457  -> 72.5875 89.0457   =  0
29  -26.708 -51.2375  -> -26.708 -51.2375   =  0
30  -69.5204 27.8392  -> -69.5204 27.8392   =  0
31  -3.53548 9.4259  -> -3.53548 9.4259   =  -2.82975e-37
32  -75.8901 -89.6127  -> -75.8901 -89.6127   =  0
33  56.1576 20.5179  -> 56.1576 20.5179   =  0
34  89.7923 -8.01136  -> 89.7923 -8.01136   =  -0
35  -4.08113 -25.972  -> -4.08113 -25.972   =  0
36  -10.6669 -54.7285  -> -10.6669 -54.7285   =  -0
37  82.7147 -20.6929  -> 82.7147 -20.6929   =  0
38  36.9535 9.72756  -> 36.9535 9.72756   =  0
39  -46.6736 93.3338  -> -46.6736 93.3338   =  0
40  -57.6005 61.6346  -> -57.6005 61.6346   =  -0
41  -27.7353 36.4466  -> -27.7353 36.4466   =  0
42  58.2547 -16.7666  -> 58.2547 -16.7666   =  -0
43  47.0422 30.8422  -> 47.0422 30.8422   =  0
44  -27.7209 -79.6658  -> -27.7209 -79.6658   =  -0
45  79.6047 2.75878  -> 79.6047 2.75878   =  -0
46  48.1734 -23.9307  -> 48.1734 -23.9307   =  0
47  -87.8153 72.2833  -> -87.8153 72.2833   =  0
48  -13.5434 68.3422  -> -13.5434 68.3422   =  -0
49  -7.1988 -23.7511  -> -7.1988 -23.7511   =  -0
50  -39.6691 88.7201  -> -39.6691 88.7201   =  0
51  50.2769 49.664  -> 50.2769 49.664   =  -0
52  -66.0085 32.9916  -> -66.0085 32.9916   =  -0
53  -71.0289 70.945  -> -71.0289 70.945   =  -0
54  -57.2808 -17.7025  -> -57.2808 -17.7025   =  -0
55  64.2788 -14.8813  -> 64.2788 -14.8813   =  0
56  -56.0679 -63.4565  -> -56.0679 -63.4565   =  -0
57  -78.4347 -97.8131  -> -78.4347 -97.8131   =  -0
58  19.7769 68.6075  -> 19.7769 68.6075   =  -0
59  33.0291 92.0561  -> 33.0291 92.0561   =  -0
60  88.9417 12.6338  -> 88.9417 12.6338   =  -0
61  -5.18514 37.1151  -> -5.18514 37.1151   =  -0
62  88.7031 6.99954  -> 88.7031 6.99954   =  -0
63  9.39841 -24.8403  -> 9.39841 -24.8403   =  0
64  -24.6582 -97.8004  -> -24.6582 -97.8004   =  0
65  51.4086 35.6727  -> 51.4086 35.6727   =  0
66  90.9197 1.6855  -> 90.9197 1.6855   =  -0
67  -14.6634 -75.0888  -> -14.6634 -75.0888   =  0
68  -65.3229 14.3077  -> -65.3229 14.3077   =  -0
69  95.8562 -22.6037  -> 95.8562 -22.6037   =  -0
70  96.6053 60.1351  -> 96.6053 60.1351   =  -0
71  62.5149 -59.4626  -> 62.5149 -59.4626   =  0
72  96.6786 84.0802  -> 96.6786 84.0802   =  -0
73  -57.2758 16.4555  -> -57.2758 16.4555   =  0
74  52.6877 75.7534  -> 52.6877 75.7534   =  0
75  8.5116 41.6294  -> 8.5116 41.6294   =  -0
76  -11.6128 -96.6735  -> -11.6128 -96.6735   =  0
77  -21.2555 -22.9097  -> -21.2555 -22.9097   =  -0
78  10.326 88.1429  -> 10.326 88.1429   =  0
79  52.25 85.6678  -> 52.25 85.6678   =  -0
80  90.3425 3.65857  -> 90.3425 3.65857   =  -0
81  21.3405 81.2622  -> 21.3405 81.2622   =  0
82  -94.6559 -93.3229  -> -94.6559 -93.3229   =  -0
83  -93.8266 -59.9788  -> -93.8266 -59.9788   =  0
84  20.9848 -97.9704  -> 20.9848 -97.9704   =  -0
85  17.4174 17.5901  -> 17.4174 17.5901   =  -2.85244e-181
86  62.1647 -20.0676  -> 62.1647 -20.0676   =  -0
87  58.1274 58.8433  -> 58.1274 58.8433   =  -0
88  -35.9874 -99.1483  -> -35.9874 -99.1483   =  0
89  -24.7012 -83.2997  -> -24.7012 -83.2997   =  0
90  76.6051 83.8104  -> 76.6051 83.8104   =  0
91  58.3297 -35.0077  -> 58.3297 -35.0077   =  -0
92  87.1369 -62.9258  -> 87.1369 -62.9258   =  -0
93  42.0826 -2.5371  -> 42.0826 -2.5371   =  -0
94  -74.7829 -5.66746  -> -74.7829 -5.66746   =  -0
95  -16.8693 -84.4404  -> -16.8693 -84.4404   =  -0
96  97.9911 -95.5289  -> 97.9911 -95.5289   =  0
97  96.8218 -96.6648  -> 96.8218 -96.6648   =  -0
98  -88.8518 -97.0048  -> -88.8518 -97.0048   =  0
99  -56.6437 32.133  -> -56.6437 32.133   =  -0
100  -94.9752 60.7738  -> -94.9752 60.7738   =  0
101  -50.2769 67.1895  -> -50.2769 67.1895   =  0
102  -59.2939 -92.1495  -> -59.2939 -92.1495   =  -0
103  26.0328 4.71871  -> 26.0328 4.71871   =  -8.70926e-232
104  -91.2978 -98.6684  -> -91.2978 -98.6684   =  -0
105  21.419 85.3073  -> 21.419 85.3073   =  -0
106  85.1421 -20.2513  -> 85.1421 -20.2513   =  0
107  -49.7005 72.2789  -> -49.7005 72.2789   =  0
108  16.8228 92.3821  -> 16.8228 92.3821   =  -0
109  -30.2582 42.0399  -> -30.2582 42.0399   =  0
110  -13.2854 52.8725  -> -13.2854 52.8725   =  0
111  57.5995 -15.2943  -> 57.5995 -15.2943   =  0
112  57.3437 54.4212  -> 57.3437 54.4212   =  0
113  -11.9591 68.4919  -> -11.9591 68.4919   =  -0
114  57.4164 31.3973  -> 57.4164 31.3973   =  -0
115  0.62493 62.4412  -> 0.62493 62.4412   =  -0
116  -7.82898 50.348  -> -7.82898 50.348   =  -0
117  29.6307 32.8771  -> 29.6307 32.8771   =  0
118  58.1985 -44.3365  -> 58.1985 -44.3365   =  0
119  -62.4041 66.9008  -> -62.4041 66.9008   =  0
120  -43.0048 59.0148  -> -43.0048 59.0148   =  0
121  52.208 -57.8628  -> 52.208 -57.8628   =  0
122  -61.2365 -97.4924  -> -61.2365 -97.4924   =  -0
123  -85.5838 55.5863  -> -85.5838 55.5863   =  0
124  94.8897 -15.842  -> 94.8897 -15.842   =  0
125  -2.37379 -18.3957  -> -2.37379 -18.3957   =  1.41108e-215
126  -62.9694 -44.7743  -> -62.9694 -44.7743   =  -0
127  66.31 94.3742  -> 66.31 94.3742   =  0
128  -90.3531 -45.6491  -> -90.3531 -45.6491   =  -0
129  62.8662 67.0633  -> 62.8662 67.0633   =  0
130  85.7482 -36.5089  -> 85.7482 -36.5089   =  0
131  29.5045 -22.0808  -> 29.5045 -22.0808   =  -0
132  -86.1609 -40.8648  -> -86.1609 -40.8648   =  -0
133  -89.2036 72.0376  -> -89.2036 72.0376   =  0
134  14.7987 -51.6078  -> 14.7987 -51.6078   =  0
135  38.9384 71.7939  -> 38.9384 71.7939   =  0
136  -92.593 -8.85356  -> -92.593 -8.85356   =  -0
137  -86.0689 -53.8294  -> -86.0689 -53.8294   =  -0
138  -6.346 -71.6527  -> -6.346 -71.6527   =  0
139  -98.2431 -11.4563  -> -98.2431 -11.4563   =  0
140  12.5053 -0.616917  -> 12.5053 -0.616917   =  -4.97567e-45
141  70.1479 49.5359  -> 70.1479 49.5359   =  -0
142  54.6087 36.4579  -> 54.6087 36.4579   =  0
143  43.9102 64.2556  -> 43.9102 64.2556   =  -0
144  90.8089 6.77631  -> 90.8089 6.77631   =  0
145  31.3189 76.5571  -> 31.3189 76.5571   =  -0
146  70.2674 -39.1767  -> 70.2674 -39.1767   =  -0
147  -45.5237 84.1065  -> -45.5237 84.1065   =  0
148  19.9585 -34.7274  -> 19.9585 -34.7274   =  0
149  56.1441 -65.2428  -> 56.1441 -65.2428   =  0
150  13.6648 -4.91747  -> 13.6648 -4.91747   =  -4.646e-78
151  -93.4489 21.0719  -> -93.4489 21.0719   =  0
152  86.229 -79.5178  -> 86.229 -79.5178   =  -0
153  67.2424 -20.117  -> 67.2424 -20.117   =  0
154  -51.1705 68.9993  -> -51.1705 68.9993   =  -0
155  68.4266 61.3349  -> 68.4266 61.3349   =  -0
156  -31.6176 38.5746  -> -31.6176 38.5746   =  -0
157  10.8708 -77.0089  -> 10.8708 -77.0089   =  -0
158  -24.9675 -45.2191  -> -24.9675 -45.2191   =  -0
159  87.2467 -34.1586  -> 87.2467 -34.1586   =  0
160  61.5572 18.5656  -> 61.5572 18.5656   =  -0
161  -57.6016 31.8246  -> -57.6016 31.8246   =  -0
162  79.389 -3.12532  -> 79.389 -3.12532   =  -0
163  15.9311 -0.652535  -> 15.9311 -0.652535   =  3.97205e-78
164  62.1473 -27.9248  -> 62.1473 -27.9248   =  0
165  34.1047 -24.1879  -> 34.1047 -24.1879   =  0
166  67.1578 40.6558  -> 67.1578 40.6558   =  -0
167  96.884 53.3867  -> 96.884 53.3867   =  -0
168  61.138 64.1264  -> 61.138 64.1264   =  0
169  -66.7303 -90.0324  -> -66.7303 -90.0324   =  -0
170  33.1257 -98.3037  -> 33.1257 -98.3037   =  -0
171  71.3024 -98.4919  -> 71.3024 -98.4919   =  -0
172  40.2709 -17.8268  -> 40.2709 -17.8268   =  0
173  -75.5008 -84.6966  -> -75.5008 -84.6966   =  0
174  36.9541 -88.2541  -> 36.9541 -88.2541   =  -0
175  -18.8553 -1.48862  -> -18.8553 -1.48862   =  -2.91807e-221
176  30.3115 23.5432  -> 30.3115 23.5432   =  0
177  -69.664 9.70048  -> -69.664 9.70048   =  0
178  -79.5822 46.2671  -> -79.5822 46.2671   =  -0
179  -90.9521 82.5651  -> -90.9521 82.5651   =  0
180  -81.6576 43.1526  -> -81.6576 43.1526   =  -0
181  -41.6228 85.5001  -> -41.6228 85.5001   =  -0
182  -16.1916 -44.7388  -> -16.1916 -44.7388   =  0
183  38.8869 -55.0536  -> 38.8869 -55.0536   =  -0
184  -80.6124 72.1566  -> -80.6124 72.1566   =  0
185  -45.086 52.5133  -> -45.086 52.5133   =  0
186  73.8529 -73.7836  -> 73.8529 -73.7836   =  0
187  54.0213 14.1238  -> 54.0213 14.1238   =  0
188  8.38963 78.5205  -> 8.38963 78.5205   =  -0
189  29.4271 -54.6562  -> 29.4271 -54.6562   =  -0
190  90.2664 -89.4281  -> 90.2664 -89.4281   =  0
191  43.8552 20.5779  -> 43.8552 20.5779   =  0
192  34.115 74.1912  -> 34.115 74.1912   =  0
193  -69.7216 54.5329  -> -69.7216 54.5329   =  0
194  20.4583 -60.6736  -> 20.4583 -60.6736   =  -0
195  37.098 38.8007  -> 37.098 38.8007   =  -0
196  82.479 95.4753  -> 82.479 95.4753   =  -0
197  24.3008 -33.7126  -> 24.3008 -33.7126   =  0
198  -49.2635 -36.8123  -> -49.2635 -36.8123   =  -0
199  11.2339 -29.8759  -> 11.2339 -29.8759   =  -0
200  -64.6558 66.1478  -> -64.6558 66.1478   =  -0
201  -77.3627 -90.8029  -> -77.3627 -90.8029   =  -0
202  92.3643 76.6587  -> 92.3643 76.6587   =  0
203  23.3209 0.753902  -> 23.3209 0.753902   =  8.28059e-181
204  55.1792 -47.252  -> 55.1792 -47.252   =  0
205  46.0977 45.4456  -> 46.0977 45.4456   =  0
206  -36.6801 -10.0472  -> -36.6801 -10.0472   =  0
207  -33.9765 97.435  -> -33.9765 97.435   =  -0
208  -35.856 -3.69807  -> -35.856 -3.69807   =  -0
209  51.9679 84.6023  -> 51.9679 84.6023   =  -0
210  35.6283 -10.9341  -> 35.6283 -10.9341   =  -0
211  23.403 18.1073  -> 23.403 18.1073   =  3.23053e-277
212  -15.4588 -52.2963  -> -15.4588 -52.2963   =  -0
213  84.3947 35.2776  -> 84.3947 35.2776   =  -0
214  10.8914 -4.37144  -> 10.8914 -4.37144   =  -8.78367e-53
215  -94.5983 46.2356  -> -94.5983 46.2356   =  0
216  -38.2236 -71.961  -> -38.2236 -71.961   =  0
217  55.4328 -45.8593  -> 55.4328 -45.8593   =  0
218  -95.3023 -21.2463  -> -95.3023 -21.2463   =  0
219  54.8946 59.8769  -> 54.8946 59.8769   =  -0
220  31.5017 0.992257  -> 31.5017 0.992257   =  -0
221  5.32248 94.8216  -> 5.32248 94.8216   =  -0
222  90.9451 71.346  -> 90.9451 71.346   =  -0
223  92.2566 -44.9109  -> 92.2566 -44.9109   =  0
224  -32.3521 44.2245  -> -32.3521 44.2245   =  -0
225  -60.3086 -96.7238  -> -60.3086 -96.7238   =  -0
226  -66.7096 63.0944  -> -66.7096 63.0944   =  0
227  21.3835 17.8315  -> 21.3835 17.8315   =  2.49489e-239
228  -89.2019 5.77822  -> -89.2019 5.77822   =  -0
229  -46.8908 21.6895  -> -46.8908 21.6895   =  -0
230  -98.5932 -41.4891  -> -98.5932 -41.4891   =  -0
231  -32.0749 -36.8168  -> -32.0749 -36.8168   =  -0
232  -13.4501 -76.6421  -> -13.4501 -76.6421   =  -0
233  17.3239 -8.75238  -> 17.3239 -8.75238   =  5.7111e-151
234  2.11154 -27.7816  -> 2.11154 -27.7816   =  -0
235  -48.8755 -66.3868  -> -48.8755 -66.3868   =  0
236  73.2107 56.447  -> 73.2107 56.447   =  0
237  -71.5651 64.1558  -> -71.5651 64.1558   =  0
238  27.793 -79.3085  -> 27.793 -79.3085   =  -0
239  -80.7551 95.4409  -> -80.7551 95.4409   =  -0
240  64.916 -41.0637  -> 64.916 -41.0637   =  -0
241  98.7171 98.2063  -> 98.7171 98.2063   =  -0
242  -77.9693 20.1007  -> -77.9693 20.1007   =  0
243  16.0379 -67.1712  -> 16.0379 -67.1712   =  -0
244  -74.1211 69.147  -> -74.1211 69.147   =  -0
245  54.5183 -72.7143  -> 54.5183 -72.7143   =  -0
246  -72.3421 -77.5565  -> -72.3421 -77.5565   =  -0
247  -9.53113 14.2078  -> -9.53113 14.2078   =  -8.22858e-125
248  -54.1986 -92.2073  -> -54.1986 -92.2073   =  -0
249  -94.5446 47.9129  -> -94.5446 47.9129   =  0
250  -19.9888 -43.4201  -> -19.9888 -43.4201   =  -0
251  81.5261 -46.7781  -> 81.5261 -46.7781   =  0
252  -86.9731 -90.039  -> -86.9731 -90.039   =  0
253  -82.6223 40.8199  -> -82.6223 40.8199   =  0
254  -69.3475 -63.3774  -> -69.3475 -63.3774   =  -0
255  36.2608 95.5684  -> 36.2608 95.5684   =  -0
256  -4.4411 34.978  -> -4.4411 34.978   =  -0
257  93.7748 17.5896  -> 93.7748 17.5896   =  -0
258  -44.9213 9.81264  -> -44.9213 9.81264   =  0
259  50.4184 -19.0425  -> 50.4184 -19.0425   =  -0
260  -21.0403 4.93671  -> -21.0403 4.93671   =  5.6423e-257
261  8.24322 6.61755  -> 8.24322 6.61755   =  1.00918e-17
262  27.3802 98.7121  -> 27.3802 98.7121   =  -0
263  -79.1747 73.1815  -> -79.1747 73.1815   =  -0
264  -93.4952 -73.7193  -> -93.4952 -73.7193   =  0
265  21.0944 -13.484  -> 21.0944 -13.484   =  3.63644e-261
266  -17.1393 2.62055  -> -17.1393 2.62055   =  -2.14211e-180
267  39.7379 -4.11241  -> 39.7379 -4.11241   =  -0
268  12.5816 57.1155  -> 12.5816 57.1155   =  -0
269  -63.2925 43.234  -> -63.2925 43.234   =  -0
270  93.7381 72.9684  -> 93.7381 72.9684   =  0
271  38.8025 -10.703  -> 38.8025 -10.703   =  0
272  7.94635 32.5773  -> 7.94635 32.5773   =  0
273  -93.1134 63.025  -> -93.1134 63.025   =  -0
274  -57.6101 57.305  -> -57.6101 57.305   =  -0
275  -56.0174 21.3496  -> -56.0174 21.3496   =  0
276  -37.7583 52.2258  -> -37.7583 52.2258   =  0
277  -72.0329 89.6219  -> -72.0329 89.6219   =  -0
278  50.9379 -51.2076  -> 50.9379 -51.2076   =  -0
279  62.8034 57.4427  -> 62.8034 57.4427   =  -0
280  -24.9268 -16.1022  -> -24.9268 -16.1022   =  0
281  -56.0413 57.9338  -> -56.0413 57.9338   =  -0
282  86.5184 83.6966  -> 86.5184 83.6966   =  0
283  -46.1786 -0.900078  -> -46.1786 -0.900078   =  0
284  40.8121 -9.47107  -> 40.8121 -9.47107   =  -0
285  -57.666 34.5502  -> -57.666 34.5502   =  0
286  -36.5027 81.1364  -> -36.5027 81.1364   =  -0
287  -76.1528 71.4436  -> -76.1528 71.4436   =  0
288  13.7137 -69.2662  -> 13.7137 -69.2662   =  -0
289  34.4686 56.1036  -> 34.4686 56.1036   =  0
290  88.0388 78.4512  -> 88.0388 78.4512   =  0
291  -22.5468 -49.7195  -> -22.5468 -49.7195   =  0
292  30.677 5.42027  -> 30.677 5.42027   =  -0
293  -60.0976 -18.3851  -> -60.0976 -18.3851   =  0
294  54.2127 -97.2942  -> 54.2127 -97.2942   =  -0
295  -60.9425 -70.7141  -> -60.9425 -70.7141   =  -0
296  -13.3964 -16.9838  -> -13.3964 -16.9838   =  4.06302e-296
297  87.2197 -26.878  -> 87.2197 -26.878   =  0
298  -33.2872 -58.9589  -> -33.2872 -58.9589   =  -0
299  72.2219 -92.4751  -> 72.2219 -92.4751   =  -0
300  31.5701 -85.4441  -> 31.5701 -85.4441   =  0
301  42.0751 95.0674  -> 42.0751 95.0674   =  0
302  95.6923 65.9224  -> 95.6923 65.9224   =  0
303  66.511 9.406  -> 66.511 9.406   =  -0
304  96.6562 0.97964  -> 96.6562 0.97964   =  0
305  -34.4904 84.695  -> -34.4904 84.695   =  -0
306  -20.5692 42.9628  -> -20.5692 42.9628   =  0
307  -65.0245 -89.8922  -> -65.0245 -89.8922   =  -0
308  -51.617 -25.1221  -> -51.617 -25.1221   =  -0
309  -8.27733 -97.4043  -> -8.27733 -97.4043   =  -0
310  -22.4163 30.7802  -> -22.4163 30.7802   =  0
311  -68.1184 64.1873  -> -68.1184 64.1873   =  -0
312  -86.2035 -80.8987  -> -86.2035 -80.8987   =  0
313  -62.6907 -19.4907  -> -62.6907 -19.4907   =  -0
314  -39.8575 -90.4688  -> -39.8575 -90.4688   =  -0
315  -11.9658 91.7126  -> -11.9658 91.7126   =  0
316  -75.913 -69.8907  -> -75.913 -69.8907   =  -0
317  86.7799 -80.2207  -> 86.7799 -80.2207   =  -0
318  96.0317 53.2909  -> 96.0317 53.2909   =  -0
319  29.1853 92.6879  -> 29.1853 92.6879   =  0
320  -45.7294 94.6949  -> -45.7294 94.6949   =  0
321  77.3829 33.7014  -> 77.3829 33.7014   =  -0
322  37.6577 -87.6416  -> 37.6577 -87.6416   =  -0
323  43.8092 86.0407  -> 43.8092 86.0407   =  0
324  -12.7637 -64.4681  -> -12.7637 -64.4681   =  0
325  88.6364 64.8201  -> 88.6364 64.8201   =  0
326  66.3121 -79.482  -> 66.3121 -79.482   =  -0
327  29.0074 80.1086  -> 29.0074 80.1086   =  -0
328  -60.3806 66.3167  -> -60.3806 66.3167   =  -0
329  -39.3822 -0.238167  -> -39.3822 -0.238167   =  0
330  75.8479 48.652  -> 75.8479 48.652   =  0
331  -8.52562 99.9349  -> -8.52562 99.9349   =  0
332  78.7614 -21.7457  -> 78.7614 -21.7457   =  -0
333  -80.2858 74.793  -> -80.2858 74.793   =  -0
334  -68.4548 48.8996  -> -68.4548 48.8996   =  -0
335  67.4809 -14.1842  -> 67.4809 -14.1842   =  -0
336  43.5945 44.8638  -> 43.5945 44.8638   =  -0
337  -80.4828 -18.7479  -> -80.4828 -18.7479   =  -0
338  57.2222 63.3264  -> 57.2222 63.3264   =  -0
339  -32.7072 -55.5415  -> -32.7072 -55.5415   =  -0
340  98.8582 -44.0708  -> 98.8582 -44.0708   =  0
341  -90.7214 65.1703  -> -90.7214 65.1703   =  -0
342  -23.5527 38.286  -> -23.5527 38.286   =  0
343  45.2789 16.0666  -> 45.2789 16.0666   =  0
344  4.60269 -94.1033  -> 4.60269 -94.1033   =  0
345  -84.1715 -19.5494  -> -84.1715 -19.5494   =  0
346  54.5488 7.30284  -> 54.5488 7.30284   =  0
347  -19.6145 33.3101  -> -19.6145 33.3101   =  0
348  85.5571 0.0996881  -> 85.5571 0.0996881   =  0
349  8.10317 -82.8976  -> 8.10317 -82.8976   =  0
350  -51.0008 -24.4159  -> -51.0008 -24.4159   =  -0
351  2.91811 92.5937  -> 2.91811 92.5937   =  -0
352  -79.5521 22.4353  -> -79.5521 22.4353   =  -0
353  -26.1541 77.6701  -> -26.1541 77.6701   =  0
354  -14.2384 41.1387  -> -14.2384 41.1387   =  -0
355  -77.8714 -15.3801  -> -77.8714 -15.3801   =  -0
356  97.0679 -68.5928  -> 97.0679 -68.5928   =  0
357  -50.2098 -26.4848  -> -50.2098 -26.4848   =  -0
358  69.6932 95.0691  -> 69.6932 95.0691   =  -0
359  89.5818 -25.7041  -> 89.5818 -25.7041   =  0
360  -99.0341 -94.5897  -> -99.0341 -94.5897   =  -0
361  54.7465 55.5147  -> 54.7465 55.5147   =  0
362  12.7131 -64.8681  -> 12.7131 -64.8681   =  0
363  -11.1752 -1.72975  -> -11.1752 -1.72975   =  1.3427e-101
364  35.2316 96.928  -> 35.2316 96.928   =  -0
365  15.3726 84.2309  -> 15.3726 84.2309   =  -0
366  -27.488 -81.7093  -> -27.488 -81.7093   =  0
367  76.8246 -7.0401  -> 76.8246 -7.0401   =  -0
368  40.726 -49.3296  -> 40.726 -49.3296   =  0
369  -29.37 -73.5124  -> -29.37 -73.5124   =  -0
370  91.8091 -7.24142  -> 91.8091 -7.24142   =  0
371  11.1075 88.877  -> 11.1075 88.877   =  -0
372  24.1658 60.8977  -> 24.1658 60.8977   =  0
373  -37.6078 -6.14097  -> -37.6078 -6.14097   =  -0
374  55.9668 -48.026  -> 55.9668 -48.026   =  0
375  68.1549 56.9327  -> 68.1549 56.9327   =  -0
376  -42.6157 22.9014  -> -42.6157 22.9014   =  0
377  12.4474 70.0974  -> 12.4474 70.0974   =  -0
378  58.0333 -98.7278  -> 58.0333 -98.7278   =  0
379  -31.6323 -6.73504  -> -31.6323 -6.73504   =  -0
380  98.2001 83.7403  -> 98.2001 83.7403   =  -0
381  -22.5042 -29.2879  -> -22.5042 -29.2879   =  -0
382  -97.969 -45.6796  -> -97.969 -45.6796   =  -0
383  63.672 42.757  -> 63.672 42.757   =  -0
384  4.99084 -65.698  -> 4.99084 -65.698   =  0
385  69.2446 -3.20004  -> 69.2446 -3.20004   =  0
386  27.0606 -19.6479  -> 27.0606 -19.6479   =  0
387  -14.323 -48.7736  -> -14.323 -48.7736   =  0
388  -58.7502 48.0692  -> -58.7502 48.0692   =  -0
389  45.0854 97.2166  -> 45.0854 97.2166   =  0
390  -99.9567 13.2404  -> -99.9567 13.2404   =  -0
391  54.1493 -42.5724  -> 54.1493 -42.5724   =  0
392  -63.8582 -33.4033  -> -63.8582 -33.4033   =  0
393  -72.475 94.1751  -> -72.475 94.1751   =  0
394  -32.1312 -4.1073  -> -32.1312 -4.1073   =  0
395  -12.5599 -33.9311  -> -12.5599 -33.9311   =  0
396  -20.367 64.9359  -> -20.367 64.9359   =  0
397  36.7811 -18.3361  -> 36.7811 -18.3361   =  -0
398  -80.7437 0.453126  -> -80.7437 0.453126   =  -0
399  -75.5791 24.2471  -> -75.5791 24.2471   =  -0
400  34.7551 93.6655  -> 34.7551 93.6655   =  0
401  -78.9529 -38.1843  -> -78.9529 -38.1843   =  0
402  -25.9825 6.72411  -> -25.9825 6.72411   =  -0
403  13.0421 15.2673  -> 13.0421 15.2673   =  3.01911e-107
404  -45.2067 -41.8725  -> -45.2067 -41.8725   =  0
405  12.4839 -45.1634  -> 12.4839 -45.1634   =  -0
406  71.3679 -33.3668  -> 71.3679 -33.3668   =  -0
407  12.2642 -92.4903  -> 12.2642 -92.4903   =  0
408  33.2299 39.7893  -> 33.2299 39.7893   =  -0
409  -98.3152 -98.9013  -> -98.3152 -98.9013   =  -0
410  -64.318 -10.8751  -> -64.318 -10.8751   =  0
411  -32.8323 15.3149  -> -32.8323 15.3149   =  0
412  -45.9392 -96.0513  -> -45.9392 -96.0513   =  -0
413  96.9789 -26.6829  -> 96.9789 -26.6829   =  0
414  4.40186 -78.6002  -> 4.40186 -78.6002   =  -0
415  97.5642 -60.843  -> 97.5642 -60.843   =  -0
416  -84.9347 -81.3887  -> -84.9347 -81.3887   =  0
417  0.972726 -10.9172  -> 0.972726 -10.9172   =  5.79938e-90
418  25.3354 -85.9852  -> 25.3354 -85.9852   =  0
419  -95.6499 80.1288  -> -95.6499 80.1288   =  -0
420  -27.8576 16.834  -> -27.8576 16.834   =  -0
421  -65.0346 -56.4897  -> -65.0346 -56.4897   =  0
422  83.4673 47.2296  -> 83.4673 47.2296   =  -0
423  -48.9801 16.6972  -> -48.9801 16.6972   =  0
424  -12.9811 -47.2953  -> -12.9811 -47.2953   =  0
425  17.7959 22.7009  -> 17.7959 22.7009   =  1.45908e-260
426  41.8296 84.9635  -> 41.8296 84.9635   =  -0
427  -61.9842 95.8904  -> -61.9842 95.8904   =  0
428  88.9123 -65.0053  -> 88.9123 -65.0053   =  0
429  -30.7925 -6.68587  -> -30.7925 -6.68587   =  -0
430  -43.6056 -33.2283  -> -43.6056 -33.2283   =  0
431  32.4711 -28.5403  -> 32.4711 -28.5403   =  0
432  -14.617 -66.5561  -> -14.617 -66.5561   =  -0
433  60.5425 -89.2815  -> 60.5425 -89.2815   =  0
434  -52.5413 64.8926  -> -52.5413 64.8926   =  -0
435  90.8472 19.6011  -> 90.8472 19.6011   =  0
436  -18.2733 -74.1873  -> -18.2733 -74.1873   =  -0
437  63.1113 -34.806  -> 63.1113 -34.806   =  0
438  73.0423 -85.8687  -> 73.0423 -85.8687   =  -0
439  81.8911 -39.9388  -> 81.8911 -39.9388   =  0
440  -33.164 -0.312989  -> -33.164 -0.312989   =  0
441  82.7621 -91.3344  -> 82.7621 -91.3344   =  0
442  -15.3494 -79.2221  -> -15.3494 -79.2221   =  -0
443  -95.444 -26.4372  -> -95.444 -26.4372   =  -0
444  -44.2275 -26.2365  -> -44.2275 -26.2365   =  -0
445  66.877 12.167  -> 66.877 12.167   =  0
446  40.5351 -0.651911  -> 40.5351 -0.651911   =  0
447  83.6267 -74.0818  -> 83.6267 -74.0818   =  0
448  32.7919 44.1692  -> 32.7919 44.1692   =  -0
449  -63.3634 80.2506  -> -63.3634 80.2506   =  -0
450  9.06184 -72.5162  -> 9.06184 -72.5162   =  -0
451  -0.148284 90.7885  -> -0.148284 90.7885   =  0
452  -46.7035 -37.0369  -> -46.7035 -37.0369   =  0
453  -44.0175 -73.6612  -> -44.0175 -73.6612   =  0
454  -22.9057 -62.1264  -> -22.9057 -62.1264   =  0
455  -13.6 43.9304  -> -13.6 43.9304   =  -0
456  37.5606 -30.8379  -> 37.5606 -30.8379   =  -0
457  52.596 -77.7888  -> 52.596 -77.7888   =  -0
458  -10.0601 57.152  -> -10.0601 57.152   =  0
459  -4.22601 45.7125  -> -4.22601 45.7125   =  -0
460  -69.0846 -37.349  -> -69.0846 -37.349   =  -0
461  -42.1206 71.4506  -> -42.1206 71.4506   =  -0
462  61.999 -58.4939  -> 61.999 -58.4939   =  0
463  97.3687 -5.20901  -> 97.3687 -5.20901   =  0
464  85.6753 -65.9947  -> 85.6753 -65.9947   =  -0
465  -24.9584 -5.26287  -> -24.9584 -5.26287   =  -0
466  -38.5108 74.8933  -> -38.5108 74.8933   =  -0
467  -14.4743 14.7857  -> -14.4743 14.7857   =  -4.42991e-195
468  -62.1436 41.5081  -> -62.1436 41.5081   =  0
469  41.1244 14.9508  -> 41.1244 14.9508   =  -0
470  79.3817 -72.4756  -> 79.3817 -72.4756   =  -0
471  -41.1189 16.9423  -> -41.1189 16.9423   =  -0
472  -3.31348 -88.5229  -> -3.31348 -88.5229   =  0
473  39.1535 86.6264  -> 39.1535 86.6264   =  -0
474  68.6291 -65.0725  -> 68.6291 -65.0725   =  0
475  32.3389 99.5445  -> 32.3389 99.5445   =  -0
476  -2.42154 90.2183  -> -2.42154 90.2183   =  -0
477  70.9951 -40.4225  -> 70.9951 -40.4225   =  -0
478  -68.2756 68.3638  -> -68.2756 68.3638   =  -0
479  54.3685 -82.6003  -> 54.3685 -82.6003   =  0
480  -97.6309 -70.5899  -> -97.6309 -70.5899   =  0
481  12.1369 -36.1417  -> 12.1369 -36.1417   =  -0
482  -95.6965 97.6625  -> -95.6965 97.6625   =  0
483  78.6439 -57.8401  -> 78.6439 -57.8401   =  0
484  39.1707 19.7684  -> 39.1707 19.7684   =  -0
485  57.1106 18.5524  -> 57.1106 18.5524   =  -0
486  47.2928 -84.0083  -> 47.2928 -84.0083   =  -0
487  -64.5053 -56.0207  -> -64.5053 -56.0207   =  0
488  -72.5312 74.6483  -> -72.5312 74.6483   =  0
489  -69.3942 96.0979  -> -69.3942 96.0979   =  0
490  -90.4242 62.9447  -> -90.4242 62.9447   =  0
491  95.6424 7.15421  -> 95.6424 7.15421   =  -0
492  53.163 66.6374  -> 53.163 66.6374   =  -0
493  66.7317 84.8874  -> 66.7317 84.8874   =  -0
494  35.0012 21.1002  -> 35.0012 21.1002   =  -0
495  -97.7128 37.3703  -> -97.7128 37.3703   =  0
496  50.5103 14.424  -> 50.5103 14.424   =  0
497  -98.7714 54.8138  -> -98.7714 54.8138   =  -0
498  12.0865 79.8725  -> 12.0865 79.8725   =  0
499  96.9736 -48.7428  -> 96.9736 -48.7428   =  0
500  -0.359177 54.0842  -> -0.359177 54.0842   =  0
501  69.8096 -53.0664  -> 69.8096 -53.0664   =  0
502  70.0759 -94.6957  -> 70.0759 -94.6957   =  -0
503  -9.08705 97.5448  -> -9.08705 97.5448   =  -0
504  79.9526 21.5187  -> 79.9526 21.5187   =  -0
505  93.6426 89.5283  -> 93.6426 89.5283   =  -0
506  -15.5366 89.285  -> -15.5366 89.285   =  0
507  -3.31745 -62.3736  -> -3.31745 -62.3736   =  0
508  55.9224 -36.5857  -> 55.9224 -36.5857   =  -0
509  -77.4862 -9.07638  -> -77.4862 -9.07638   =  -0
510  84.5145 -75.199  -> 84.5145 -75.199   =  0
511  -71.7061 35.0248  -> -71.7061 35.0248   =  -0
512  39.225 -70.4775  -> 39.225 -70.4775   =  -0
513  -10.1615 -48.6884  -> -10.1615 -48.6884   =  -0
514  -90.6051 -13.1879  -> -90.6051 -13.1879   =  0
515  2.56878 9.03575  -> 2.56878 9.03575   =  -4.57472e-16
516  -59.1036 -27.6216  -> -59.1036 -27.6216   =  -0
517  55.9694 -89.0277  -> 55.9694 -89.0277   =  -0
518  -22.3173 -53.1177  -> -22.3173 -53.1177   =  -0
519  -91.4829 -42.3647  -> -91.4829 -42.3647   =  -0
520  68.401 -97.8403  -> 68.401 -97.8403   =  0
521  -52.8364 -47.1356  -> -52.8364 -47.1356   =  -0
522  91.4447 43.8462  -> 91.4447 43.8462   =  0
523  -9.50918 47.3671  -> -9.50918 47.3671   =  -0
524  -92.7395 13.0047  -> -92.7395 13.0047   =  -0
525  -61.7093 91.7749  -> -61.7093 91.7749   =  0
526  37.8056 -33.4154  -> 37.8056 -33.4154   =  0
527  26.7997 -22.9693  -> 26.7997 -22.9693   =  -0
528  -3.89289 -83.3618  -> -3.89289 -83.3618   =  -0
529  28.3422 5.50204  -> 28.3422 5.50204   =  4.18716e-279
530  3.45037 -69.089  -> 3.45037 -69.089   =  0
531  -85.4622 44.3467  -> -85.4622 44.3467   =  0
532  3.2894 70.5072  -> 3.2894 70.5072   =  0
533  55.319 80.9721  -> 55.319 80.9721   =  -0
534  -82.6105 63.8361  -> -82.6105 63.8361   =  -0
535  -61.3926 85.7905  -> -61.3926 85.7905   =  0
536  65.9958 -14.229  -> 65.9958 -14.229   =  -0
537  -61.345 57.4405  -> -61.345 57.4405   =  -0
538  -70.3828 29.1458  -> -70.3828 29.1458   =  0
539  4.80761 -63.1223  -> 4.80761 -63.1223   =  -0
540  -57.8496 43.0983  -> -57.8496 43.0983   =  -0
541  -71.3474 79.9561  -> -71.3474 79.9561   =  -0
542  -90.317 55.4523  -> -90.317 55.4523   =  0
543  -43.0132 5.7901  -> -43.0132 5.7901   =  -0
544  72.0905 85.329  -> 72.0905 85.329   =  -0
545  -88.7079 -24.4591  -> -88.7079 -24.4591   =  -0
546  -83.76 -74.1701  -> -83.76 -74.1701   =  0
547  -80.1124 19.5294  -> -80.1124 19.5294   =  -0
548  96.3371 75.2067  -> 96.3371 75.2067   =  0
549  0.501527 -86.2734  -> 0.501527 -86.2734   =  0
550  39.0428 39.1089  -> 39.0428 39.1089   =  -0
551  99.5172 5.03859  -> 99.5172 5.03859   =  -0
552  -75.12 -61.8279  -> -75.12 -61.8279   =  -0
553  -37.5209 -45.5028  -> -37.5209 -45.5028   =  -0
554  67.3179 67.2867  -> 67.3179 67.2867   =  -0
555  -8.62513 -90.5316  -> -8.62513 -90.5316   =  -0
556  10.385 20.0275  -> 10.385 20.0275   =  5.28938e-148
557  89.4244 20.068  -> 89.4244 20.068   =  -0
558  -24.5202 -53.5888  -> -24.5202 -53.5888   =  0
559  -74.1419 -52.4297  -> -74.1419 -52.4297   =  0
560  -68.2598 -62.8497  -> -68.2598 -62.8497   =  -0
561  23.1112 -52.0198  -> 23.1112 -52.0198   =  -0
562  -37.0198 42.9988  -> -37.0198 42.9988   =  -0
563  67.5097 -40.6827  -> 67.5097 -40.6827   =  -0
564  18.2055 -31.9888  -> 18.2055 -31.9888   =  -0
565  -26.9561 -42.7518  -> -26.9561 -42.7518   =  0
566  -92.8799 -27.4389  -> -92.8799 -27.4389   =  0
567  62.2868 -67.9999  -> 62.2868 -67.9999   =  -0
568  10.7332 -75.2341  -> 10.7332 -75.2341   =  0
569  -13.5027 -21.9489  -> -13.5027 -21.9489   =  0
570  92.0526 77.8721  -> 92.0526 77.8721   =  -0
571  -12.4805 2.43764  -> -12.4805 2.43764   =  4.73924e-107
572  -2.1004 -23.0561  -> -2.1004 -23.0561   =  -2.46194e-311
573  -77.4943 73.3794  -> -77.4943 73.3794   =  -0
574  23.3551 -51.6362  -> 23.3551 -51.6362   =  0
575  -79.0503 55.0954  -> -79.0503 55.0954   =  0
576  -14.4859 44.0608  -> -14.4859 44.0608   =  0
577  -96.9244 48.4943  -> -96.9244 48.4943   =  -0
578  -12.9404 70.5852  -> -12.9404 70.5852   =  -0
579  -92.1884 -94.7349  -> -92.1884 -94.7349   =  0
580  -61.4036 -19.1445  -> -61.4036 -19.1445   =  -0
581  -37.4867 -54.2835  -> -37.4867 -54.2835   =  0
582  53.4166 -75.1998  -> 53.4166 -75.1998   =  0
583  -22.2834 -35.8502  -> -22.2834 -35.8502   =  -0
584  -50.4339 64.2139  -> -50.4339 64.2139   =  -0
585  42.201 -58.3813  -> 42.201 -58.3813   =  -0
586  42.086 -70.2795  -> 42.086 -70.2795   =  0
587  44.0563 -60.0144  -> 44.0563 -60.0144   =  0
588  6.66439 66.562  -> 6.66439 66.562   =  0
589  -86.635 -69.9805  -> -86.635 -69.9805   =  -0
590  -85.0742 -65.6854  -> -85.0742 -65.6854   =  -0
591  85.1149 0.439833  -> 85.1149 0.439833   =  0
592  78.3755 88.1905  -> 78.3755 88.1905   =  0
593  -51.0659 -34.5649  -> -51.0659 -34.5649   =  0
594  58.7757 -43.2543  -> 58.7757 -43.2543   =  0
595  -29.2998 97.3722  -> -29.2998 97.3722   =  -0
596  37.6012 33.2135  -> 37.6012 33.2135   =  0
597  -56.9113 -8.98219  -> -56.9113 -8.98219   =  0
598  58.0136 20.8053  -> 58.0136 20.8053   =  0
599  55.1676 -92.4203  -> 55.1676 -92.4203   =  0
600  -14.9808 -2.63139  -> -14.9808 -2.63139   =  -5.11315e-158
601  -50.8016 -72.8948  -> -50.8016 -72.8948   =  0
602  27.0891 93.2547  -> 27.0891 93.2547   =  0
603  -32.9092 -66.2465  -> -32.9092 -66.2465   =  0
604  59.8167 -19.5442  -> 59.8167 -19.5442   =  0
605  -36.227 74.7425  -> -36.227 74.7425   =  -0
606  14.7704 -51.1121  -> 14.7704 -51.1121   =  0
607  -24.8177 -6.85417  -> -24.8177 -6.85417   =  -0
608  -62.9216 24.1164  -> -62.9216 24.1164   =  -0
609  58.5809 95.8541  -> 58.5809 95.8541   =  -0
610  80.8621 -70.7189  -> 80.8621 -70.7189   =  0
611  93.2262 18.4633  -> 93.2262 18.4633   =  -0
612  62.4945 -63.6851  -> 62.4945 -63.6851   =  -0
613  -90.5189 20.5082  -> -90.5189 20.5082   =  -0
614  57.1203 64.6487  -> 57.1203 64.6487   =  0
615  28.0879 -57.8606  -> 28.0879 -57.8606   =  0
616  -37.9827 77.2863  -> -37.9827 77.2863   =  0
617  -30.7554 89.1064  -> -30.7554 89.1064   =  -0
618  70.541 36.3354  -> 70.541 36.3354   =  -0
619  -77.1402 30.3577  -> -77.1402 30.3577   =  0
620  -83.2088 -13.3672  -> -83.2088 -13.3672   =  -0
621  5.10015 31.5615  -> 5.10015 31.5615   =  -0
622  35.5207 80.2824  -> 35.5207 80.2824   =  0
623  -75.2926 72.5991  -> -75.2926 72.5991   =  0
624  4.39884 83.2883  -> 4.39884 83.2883   =  -0
625  68.4531 -14.7391  -> 68.4531 -14.7391   =  0
626  -87.4307 61.6794  -> -87.4307 61.6794   =  -0
627  -96.2758 75.0639  -> -96.2758 75.0639   =  0
628  97.9943 -86.7947  -> 97.9943 -86.7947   =  0
629  -4.42792 55.1146  -> -4.42792 55.1146   =  0
630  77.854 -76.34  -> 77.854 -76.34   =  0
631  97.254 -60.1287  -> 97.254 -60.1287   =  -0
632  -99.0537 -33.5014  -> -99.0537 -33.5014   =  0
633  -71.0223 71.4873  -> -71.0223 71.4873   =  -0
634  -97.1659 -48.1625  -> -97.1659 -48.1625   =  -0
635  1.84494 -80.3748  -> 1.84494 -80.3748   =  0
636  38.4704 -93.0549  -> 38.4704 -93.0549   =  -0
637  51.1868 -26.0089  -> 51.1868 -26.0089   =  -0
638  87.2275 75.8941  -> 87.2275 75.8941   =  -0
639  -53.4098 -8.37363  -> -53.4098 -8.37363   =  -0
640  59.1824 -84.9567  -> 59.1824 -84.9567   =  -0
641  76.8873 71.7518  -> 76.8873 71.7518   =  0
642  76.7227 80.6115  -> 76.7227 80.6115   =  -0
643  46.8157 74.717  -> 46.8157 74.717   =  0
644  93.8167 -57.6123  -> 93.8167 -57.6123   =  -0
645  29.8316 71.6707  -> 29.8316 71.6707   =  -0
646  -33.9523 27.0856  -> -33.9523 27.0856   =  -0
647  -88.458 -33.006  -> -88.458 -33.006   =  0
648  93.5842 -59.4803  -> 93.5842 -59.4803   =  0
649  -61.5187 96.4182  -> -61.5187 96.4182   =  0
650  -7.64277 40.3262  -> -7.64277 40.3262   =  0
651  -83.9565 -69.1724  -> -83.9565 -69.1724   =  0
652  47.2713 67.2302  -> 47.2713 67.2302   =  -0
653  4.81871 34.4988  -> 4.81871 34.4988   =  0
654  43.1244 51.4089  -> 43.1244 51.4089   =  -0
655  -73.8748 2.30682  -> -73.8748 2.30682   =  0
656  66.4522 -96.9875  -> 66.4522 -96.9875   =  -0
657  -25.9414 43.1749  -> -25.9414 43.1749   =  -0
658  83.6239 -79.1257  -> 83.6239 -79.1257   =  -0
659  17.8919 77.4406  -> 17.8919 77.4406   =  0
660  -36.738 -52.2766  -> -36.738 -52.2766   =  0
661  49.1113 29.3097  -> 49.1113 29.3097   =  0
662  74.809 60.6533  -> 74.809 60.6533   =  0
663  96.3037 68.3932  -> 96.3037 68.3932   =  0
664  -98.827 -65.215  -> -98.827 -65.215   =  -0
665  64.8114 -6.46973  -> 64.8114 -6.46973   =  0
666  75.1112 80.8549  -> 75.1112 80.8549   =  -0
667  24.3579 22.3825  -> 24.3579 22.3825   =  0
668  48.0851 -70.8234  -> 48.0851 -70.8234   =  -0
669  -43.1187 -8.79047  -> -43.1187 -8.79047   =  0
670  80.5855 -16.9935  -> 80.5855 -16.9935   =  0
671  93.5163 47.0377  -> 93.5163 47.0377   =  0
672  -13.9811 -32.4251  -> -13.9811 -32.4251   =  -0
673  -9.78745 -30.3571  -> -9.78745 -30.3571   =  0
674  -11.5508 -91.8956  -> -11.5508 -91.8956   =  0
675  -52.9165 51.7112  -> -52.9165 51.7112   =  0
676  -44.1721 96.1949  -> -44.1721 96.1949   =  0
677  -18.9791 -69.3631  -> -18.9791 -69.3631   =  -0
678  56.8482 -22.6753  -> 56.8482 -22.6753   =  0
679  99.0301 58.0212  -> 99.0301 58.0212   =  -0
680  12.1096 63.8415  -> 12.1096 63.8415   =  -0
681  -48.4485 -12.7792  -> -48.4485 -12.7792   =  0
682  44.6964 75.9094  -> 44.6964 75.9094   =  -0
683  -90.3967 -7.21841  -> -90.3967 -7.21841   =  0
684  -94.914 -33.5154  -> -94.914 -33.5154   =  0
685  83.9911 85.6715  -> 83.9911 85.6715   =  -0
686  49.4911 77.5075  -> 49.4911 77.5075   =  0
687  32.7091 -64.49  -> 32.7091 -64.49   =  0
688  -54.9176 -77.0783  -> -54.9176 -77.0783   =  -0
689  5.15288 33.5316  -> 5.15288 33.5316   =  0
690  -68.9739 52.2364  -> -68.9739 52.2364   =  0
691  -14.7572 -13.146  -> -14.7572 -13.146   =  2.19108e-255
692  48.4313 66.2637  -> 48.4313 66.2637   =  -0
693  17.4909 5.27948  -> 17.4909 5.27948   =  -4.43122e-93
694  -56.4116 16.5209  -> -56.4116 16.5209   =  0
695  -36.6993 55.698  -> -36.6993 55.698   =  -0
696  -19.6375 14.8522  -> -19.6375 14.8522   =  5.70123e-286
697  -57.0812 -74.9411  -> -57.0812 -74.9411   =  -0
698  -9.23837 -47.4779  -> -9.23837 -47.4779   =  -0
699  17.8405 -4.15238  -> 17.8405 -4.15238   =  3.26294e-118
700  19.0067 1.83162  -> 19.0067 1.83162   =  2.22631e-111
701  -18.4809 -31.5022  -> -18.4809 -31.5022   =  -0
702  -20.6609 -85.7718  -> -20.6609 -85.7718   =  -0
703  4.00781 24.4215  -> 4.00781 24.4215   =  5.03149e-198
704  -62.8501 -90.8393  -> -62.8501 -90.8393   =  0
705  -42.0469 -31.824  -> -42.0469 -31.824   =  0
706  61.3971 43.1959  -> 61.3971 43.1959   =  -0
707  55.0299 9.82836  -> 55.0299 9.82836   =  0
708  9.45958 -27.4792  -> 9.45958 -27.4792   =  -0
709  -84.8922 53.0479  -> -84.8922 53.0479   =  -0
710  89.0418 -21.5914  -> 89.0418 -21.5914   =  0
711  8.74596 -30.5958  -> 8.74596 -30.5958   =  0
712  93.2608 51.6648  -> 93.2608 51.6648   =  -0
713  -5.53685 -15.9776  -> -5.53685 -15.9776   =  2.44303e-192
714  -95.8131 -87.6964  -> -95.8131 -87.6964   =  -0
715  79.8701 23.1937  -> 79.8701 23.1937   =  -0
716  14.1353 -38.6109  -> 14.1353 -38.6109   =  -0
717  91.6915 93.4744  -> 91.6915 93.4744   =  0
718  -24.3827 -4.30069  -> -24.3827 -4.30069   =  0
719  17.8958 12.7672  -> 17.8958 12.7672   =  -9.43281e-136
720  4.86 75.8489  -> 4.86 75.8489   =  -0
721  80.9432 -33.7429  -> 80.9432 -33.7429   =  0
722  19.0448 35.9731  -> 19.0448 35.9731   =  0
723  76.0855 -71.4956  -> 76.0855 -71.4956   =  0
724  -91.5061 91.1933  -> -91.5061 91.1933   =  -0
725  81.5523 97.5357  -> 81.5523 97.5357   =  0
726  -30.3981 -9.70174  -> -30.3981 -9.70174   =  0
727  -33.0601 -37.1373  -> -33.0601 -37.1373   =  0
728  -58.0369 61.4031  -> -58.0369 61.4031   =  -0
729  46.8851 -53.85  -> 46.8851 -53.85   =  -0
730  73.7067 26.7552  -> 73.7067 26.7552   =  -0
731  69.3437 -12.158  -> 69.3437 -12.158   =  -0
732  88.1443 61.0352  -> 88.1443 61.0352   =  0
733  -18.6837 -36.2383  -> -18.6837 -36.2383   =  -0
734  -43.2655 99.2122  -> -43.2655 99.2122   =  -0
735  76.5289 61.5945  -> 76.5289 61.5945   =  -0
736  75.0611 57.472  -> 75.0611 57.472   =  -0
737  -72.1484 -5.89414  -> -72.1484 -5.89414   =  0
738  -6.55485 -96.0629  -> -6.55485 -96.0629   =  0
739  22.6102 1.93908  -> 22.6102 1.93908   =  -1.69696e-166
740  95.1304 4.16252  -> 95.1304 4.16252   =  0
741  -0.525234 -35.2678  -> -0.525234 -35.2678   =  0
742  94.4608 66.4147  -> 94.4608 66.4147   =  0
743  27.5949 -63.5762  -> 27.5949 -63.5762   =  0
744  27.8178 -25.5199  -> 27.8178 -25.5199   =  0
745  -17.4261 1.52448  -> -17.4261 1.52448   =  -9.47107e-188
746  -98.7648 -48.0824  -> -98.7648 -48.0824   =  -0
747  89.3665 89.3796  -> 89.3665 89.3796   =  -0
748  -87.0472 -29.3172  -> -87.0472 -29.3172   =  0
749  -46.8588 -30.3127  -> -46.8588 -30.3127   =  0
750  -30.105 -70.3299  -> -30.105 -70.3299   =  -0
751  -68.7182 -55.0439  -> -68.7182 -55.0439   =  -0
752  87.1421 -40.8666  -> 87.1421 -40.8666   =  0
753  39.0619 -19.4127  -> 39.0619 -19.4127   =  -0
754  -36.9296 -38.3279  -> -36.9296 -38.3279   =  -0
755  82.5263 -41.7992  -> 82.5263 -41.7992   =  0
756  65.8347 -17.9989  -> 65.8347 -17.9989   =  0
757  22.9331 60.2954  -> 22.9331 60.2954   =  -0
758  -51.5842 -49.472  -> -51.5842 -49.472   =  -0
759  96.7193 76.2335  -> 96.7193 76.2335   =  0
760  25.008 -20.7069  -> 25.008 -20.7069   =  0
761  -22.242 26.2433  -> -22.242 26.2433   =  0
762  31.2107 -32.8755  -> 31.2107 -32.8755   =  -0
763  15.6228 44.1634  -> 15.6228 44.1634   =  0
764  37.8073 68.7641  -> 37.8073 68.7641   =  -0
765  -86.1493 -92.2977  -> -86.1493 -92.2977   =  -0
766  98.4341 -54.8675  -> 98.4341 -54.8675   =  -0
767  -47.3417 85.5762  -> -47.3417 85.5762   =  -0
768  4.26583 91.7202  -> 4.26583 91.7202   =  -0
769  -33.8365 67.3363  -> -33.8365 67.3363   =  -0
770  -46.6076 -51.3102  -> -46.6076 -51.3102   =  0
771  -74.4629 -80.773  -> -74.4629 -80.773   =  -0
772  30.6909 48.4702  -> 30.6909 48.4702   =  0
773  79.5225 79.1067  -> 79.5225 79.1067   =  -0
774  98.9982 76.2417  -> 98.9982 76.2417   =  -0
775  55.3403 24.0062  -> 55.3403 24.0062   =  -0
776  -44.4651 -66.9017  -> -44.4651 -66.9017   =  0
777  -49.7505 86.7455  -> -49.7505 86.7455   =  -0
778  0.22279 65.8723  -> 0.22279 65.8723   =  0
779  30.909 -61.9699  -> 30.909 -61.9699   =  -0
780  34.6364 44.7597  -> 34.6364 44.7597   =  0
781  -54.2677 33.0705  -> -54.2677 33.0705   =  -0
782  89.8921 -1.60935  -> 89.8921 -1.60935   =  -0
783  18.6467 -5.84203  -> 18.6467 -5.84203   =  -3.08087e-140
784  -9.88912 84.8102  -> -9.88912 84.8102   =  -0
785  -38.5058 43.5032  -> -38.5058 43.5032   =  -0
786  -66.4999 -12.9687  -> -66.4999 -12.9687   =  0
787  62.7303 64.191  -> 62.7303 64.191   =  -0
788  -64.4985 42.2527  -> -64.4985 42.2527   =  -0
789  43.2978 -65.5004  -> 43.2978 -65.5004   =  0
790  18.4944 -1.36196  -> 18.4944 -1.36196   =  -1.29675e-112
791  58.5058 74.0293  -> 58.5058 74.0293   =  0
792  31.7363 -91.2447  -> 31.7363 -91.2447   =  0
793  60.7748 -68.0409  -> 60.7748 -68.0409   =  0
794  74.6276 -8.31617  -> 74.6276 -8.31617   =  0
795  -30.0108 9.26402  -> -30.0108 9.26402   =  0
796  -63.5565 15.7215  -> -63.5565 15.7215   =  0
797  -57.6655 -73.6643  -> -57.6655 -73.6643   =  0
798  -85.8878 60.9813  -> -85.8878 60.9813   =  -0
799  20.4936 4.22307  -> 20.4936 4.22307   =  -1.84395e-133
800  45.7915 81.9879  -> 45.7915 81.9879   =  0
801  -52.2737 79.2916  -> -52.2737 79.2916   =  -0
802  -30.9808 -89.5434  -> -30.9808 -89.5434   =  0
803  43.4826 4.52067  -> 43.4826 4.52067   =  0
804  52.7093 -13.2196  -> 52.7093 -13.2196   =  0
805  39.0203 -28.7963  -> 39.0203 -28.7963   =  0
806  85.4184 -2.47385  -> 85.4184 -2.47385   =  -0
807  -54.767 17.1548  -> -54.767 17.1548   =  -0
808  6.28147 -93.9922  -> 6.28147 -93.9922   =  -0
809  49.1139 -19.0909  -> 49.1139 -19.0909   =  -0
810  -2.30833 -80.8969  -> -2.30833 -80.8969   =  0
811  90.1731 34.1352  -> 90.1731 34.1352   =  -0
812  34.8247 -67.4923  -> 34.8247 -67.4923   =  -0
813  60.4708 48.9369  -> 60.4708 48.9369   =  0
814  93.4889 -19.0355  -> 93.4889 -19.0355   =  -0
815  -46.8401 39.2805  -> -46.8401 39.2805   =  -0
816  -37.0477 0.886238  -> -37.0477 0.886238   =  -0
817  18.5721 31.9715  -> 18.5721 31.9715   =  -0
818  11.3428 -37.9453  -> 11.3428 -37.9453   =  -0
819  -63.5078 -35.9479  -> -63.5078 -35.9479   =  0
820  48.8351 75.5125  -> 48.8351 75.5125   =  -0
821  35.2558 34.2535  -> 35.2558 34.2535   =  -0
822  -26.9614 80.4888  -> -26.9614 80.4888   =  0
823  -48.5917 79.3201  -> -48.5917 79.3201   =  -0
824  86.4966 -99.4778  -> 86.4966 -99.4778   =  -0
825  -39.7708 -15.8117  -> -39.7708 -15.8117   =  -0
826  -80.3747 -49.5977  -> -80.3747 -49.5977   =  -0
827  -81.6765 54.45  -> -81.6765 54.45   =  0
828  -17.09 78.7943  -> -17.09 78.7943   =  -0
829  3.38685 -23.6011  -> 3.38685 -23.6011   =  9.09653e-313
830  -40.2412 56.5468  -> -40.2412 56.5468   =  0
831  -84.3206 22.7111  -> -84.3206 22.7111   =  -0
832  -42.567 34.2515  -> -42.567 34.2515   =  0
833  -45.3174 68.7758  -> -45.3174 68.7758   =  -0
834  96.3062 -8.82524  -> 96.3062 -8.82524   =  -0
835  -67.1721 45.1413  -> -67.1721 45.1413   =  0
836  -33.3128 68.0837  -> -33.3128 68.0837   =  0
837  -20.6052 39.7258  -> -20.6052 39.7258   =  -0
838  48.5725 30.8032  -> 48.5725 30.8032   =  0
839  19.0459 35.0691  -> 19.0459 35.0691   =  0
840  31.3254 79.2751  -> 31.3254 79.2751   =  0
841  -80.7425 50.9507  -> -80.7425 50.9507   =  -0
842  -70.3225 -62.419  -> -70.3225 -62.419   =  -0
843  5.40071 12.5875  -> 5.40071 12.5875   =  -6.86309e-42
844  -83.6247 -91.2124  -> -83.6247 -91.2124   =  -0
845  88.9864 -23.8659  -> 88.9864 -23.8659   =  -0
846  65.3343 -95.3342  -> 65.3343 -95.3342   =  0
847  98.8452 -77.2327  -> 98.8452 -77.2327   =  -0
848  38.9173 -46.4722  -> 38.9173 -46.4722   =  0
849  91.5432 35.2235  -> 91.5432 35.2235   =  -0
850  44.7026 -75.6289  -> 44.7026 -75.6289   =  -0
851  -19.6352 -88.6102  -> -19.6352 -88.6102   =  -0
852  92.4548 59.7597  -> 92.4548 59.7597   =  -0
853  51.1156 41.0273  -> 51.1156 41.0273   =  0
854  -9.43716 -29.8384  -> -9.43716 -29.8384   =  -0
855  -23.9036 -78.1118  -> -23.9036 -78.1118   =  0
856  -50.5633 -4.64614  -> -50.5633 -4.64614   =  0
857  72.8389 -20.8858  -> 72.8389 -20.8858   =  -0
858  32.9348 -21.7604  -> 32.9348 -21.7604   =  0
859  91.7017 49.3101  -> 91.7017 49.3101   =  0
860  -12.9728 80.6881  -> -12.9728 80.6881   =  -0
861  -74.5558 -47.6385  -> -74.5558 -47.6385   =  0
862  85.3539 -75.7106  -> 85.3539 -75.7106   =  0
863  -24.8711 24.2713  -> -24.8711 24.2713   =  -0
864  -22.1828 -33.328  -> -22.1828 -33.328   =  -0
865  -40.5052 -77.4802  -> -40.5052 -77.4802   =  -0
866  -8.95689 39.8596  -> -8.95689 39.8596   =  -0
867  -66.0904 -16.5021  -> -66.0904 -16.5021   =  -0
868  -0.380674 85.0252  -> -0.380674 85.0252   =  0
869  -75.4749 90.1822  -> -75.4749 90.1822   =  0
870  -44.8132 0.621537  -> -44.8132 0.621537   =  -0
871  -87.9296 4.6235  -> -87.9296 4.6235   =  0
872  95.9754 84.9093  -> 95.9754 84.9093   =  -0
873  83.7377 28.9102  -> 83.7377 28.9102   =  -0
874  -36.851 75.4393  -> -36.851 75.4393   =  -0
875  -21.7796 50.1762  -> -21.7796 50.1762   =  0
876  56.1274 3.66458  -> 56.1274 3.66458   =  0
877  -97.4623 41.4813  -> -97.4623 41.4813   =  -0
878  27.954 -22.3334  -> 27.954 -22.3334   =  -0
879  -34.2474 -94.2287  -> -34.2474 -94.2287   =  0
880  44.3386 25.2474  -> 44.3386 25.2474   =  -0
881  -71.7089 -64.6182  -> -71.7089 -64.6182   =  -0
882  -34.893 -37.7993  -> -34.893 -37.7993   =  0
883  18.8796 64.7264  -> 18.8796 64.7264   =  0
884  -52.7741 43.4048  -> -52.7741 43.4048   =  0
885  54.9085 2.41272  -> 54.9085 2.41272   =  -0
886  -55.9737 66.9789  -> -55.9737 66.9789   =  0
887  -92.9638 -59.9983  -> -92.9638 -59.9983   =  0
888  51.8883 90.7739  -> 51.8883 90.7739   =  -0
889  68.9119 -84.9628  -> 68.9119 -84.9628   =  0
890  66.2132 -52.8677  -> 66.2132 -52.8677   =  -0
891  65.2134 22.3406  -> 65.2134 22.3406   =  -0
892  50.7969 67.7511  -> 50.7969 67.7511   =  -0
893  -36.178 -21.2491  -> -36.178 -21.2491   =  0
894  -54.5823 29.5746  -> -54.5823 29.5746   =  -0
895  -15.4779 89.7564  -> -15.4779 89.7564   =  -0
896  -45.178 12.8132  -> -45.178 12.8132   =  -0
897  -74.8619 19.929  -> -74.8619 19.929   =  -0
898  75.0139 44.0178  -> 75.0139 44.0178   =  -0
899  -15.3446 -77.7602  -> -15.3446 -77.7602   =  -0
900  -12.5775 -60.4361  -> -12.5775 -60.4361   =  0
901  24.6525 31.4488  -> 24.6525 31.4488   =  -0
902  -93.4571 31.6888  -> -93.4571 31.6888   =  -0
903  71.4505 58.4312  -> 71.4505 58.4312   =  -0
904  22.4626 40.3625  -> 22.4626 40.3625   =  -0
905  73.4684 -11.3241  -> 73.4684 -11.3241   =  0
906  87.4947 38.6818  -> 87.4947 38.6818   =  -0
907  -88.9835 38.2916  -> -88.9835 38.2916   =  -0
908  6.43295 -25.1616  -> 6.43295 -25.1616   =  -0
909  -82.9575 51.8507  -> -82.9575 51.8507   =  0
910  -95.587 1.56461  -> -95.587 1.56461   =  -0
911  41.6071 -40.765  -> 41.6071 -40.765   =  -0
912  -85.6222 66.7452  -> -85.6222 66.7452   =  -0
913  79.164 89.3917  -> 79.164 89.3917   =  0
914  10.763 -36.1806  -> 10.763 -36.1806   =  0
915  -88.3685 98.1855  -> -88.3685 98.1855   =  0
916  3.38334 36.2841  -> 3.38334 36.2841   =  0
917  29.6343 9.92622  -> 29.6343 9.92622   =  -0
918  -32.0272 1.08486  -> -32.0272 1.08486   =  -0
919  -31.6426 90.4355  -> -31.6426 90.4355   =  0
920  -58.5527 -58.1742  -> -58.5527 -58.1742   =  -0
921  -20.8887 -71.0579  -> -20.8887 -71.0579   =  -0
922  80.5076 -9.87219  -> 80.5076 -9.87219   =  0
923  67.2336 -13.0595  -> 67.2336 -13.0595   =  0
924  64.9662 84.2761  -> 64.9662 84.2761   =  -0
925  -61.2088 69.3792  -> -61.2088 69.3792   =  0
926  -14.1593 80.3983  -> -14.1593 80.3983   =  0
927  -71.3858 0.218553  -> -71.3858 0.218553   =  0
928  47.1435 -92.2218  -> 47.1435 -92.2218   =  -0
929  -10.3897 -42.0936  -> -10.3897 -42.0936   =  -0
930  -28.4024 1.24183  -> -28.4024 1.24183   =  0
931  -43.9081 74.9809  -> -43.9081 74.9809   =  -0
932  -62.4741 85.7262  -> -62.4741 85.7262   =  0
933  -15.0929 5.49877  -> -15.0929 5.49877   =  8.87458e-148
934  -13.1889 53.2645  -> -13.1889 53.2645   =  0
935  -4.06575 28.2584  -> -4.06575 28.2584   =  -1.75046e-297
936  95.0903 75.0456  -> 95.0903 75.0456   =  -0
937  57.2005 75.5979  -> 57.2005 75.5979   =  -0
938  -34.8266 24.4341  -> -34.8266 24.4341   =  0
939  -37.4616 -69.8603  -> -37.4616 -69.8603   =  -0
940  8.71025 1.32962  -> 8.71025 1.32962   =  2.3065e-16
941  99.5189 94.551  -> 99.5189 94.551   =  -0
942  -18.2721 -71.8669  -> -18.2721 -71.8669   =  0
943  -5.23047 -71.1286  -> -5.23047 -71.1286   =  0
944  -64.0887 84.3798  -> -64.0887 84.3798   =  0
945  -13.2222 7.50888  -> -13.2222 7.50888   =  -7.11885e-126
946  -14.3784 42.8697  -> -14.3784 42.8697   =  0
947  -17.5102 23.1476  -> -17.5102 23.1476   =  0
948  28.596 67.397  -> 28.596 67.397   =  -0
949  -71.3537 -84.5929  -> -71.3537 -84.5929   =  -0
950  20.6615 24.5806  -> 20.6615 24.5806   =  0
951  43.6655 15.7518  -> 43.6655 15.7518   =  0
952  -0.373824 0.865981  -> -0.373823 0.865981   =  -1.46014e-08
953  -8.65038 64.7996  -> -8.65038 64.7996   =  -0
954  -74.6999 53.888  -> -74.6999 53.888   =  0
955  94.9392 34.0104  -> 94.9392 34.0104   =  0
956  -44.7824 94.4581  -> -44.7824 94.4581   =  -0
957  28.5613 36.9455  -> 28.5613 36.9455   =  0
958  -77.4088 -76.6691  -> -77.4088 -76.6691   =  0
959  65.8169 -41.4975  -> 65.8169 -41.4975   =  -0
960  -92.2893 -47.4053  -> -92.2893 -47.4053   =  -0
961  66.0114 -6.66768  -> 66.0114 -6.66768   =  0
962  95.4645 -51.4988  -> 95.4645 -51.4988   =  -0
963  -83.5201 24.0604  -> -83.5201 24.0604   =  0
964  -84.1019 -54.8738  -> -84.1019 -54.8738   =  -0
965  39.4675 36.5596  -> 39.4675 36.5596   =  0
966  69.7068 -16.867  -> 69.7068 -16.867   =  0
967  -47.6886 -30.667  -> -47.6886 -30.667   =  0
968  83.999 43.661  -> 83.999 43.661   =  0
969  -65.8674 -90.7009  -> -65.8674 -90.7009   =  -0
970  -2.451 -70.9282  -> -2.451 -70.9282   =  -0
971  43.3094 52.7666  -> 43.3094 52.7666   =  0
972  -76.4701 -28.1292  -> -76.4701 -28.1292   =  0
973  -10.2878 -53.8789  -> -10.2878 -53.8789   =  -0
974  -4.79835 -44.4709  -> -4.79835 -44.4709   =  -0
975  4.62363 2.91232  -> 3.14159 3.14159   =  -1
976  8.12384 -29.365  -> 8.12384 -29.365   =  -0
977  96.2446 3.5883  -> 96.2446 3.5883   =  -0
978  19.1362 -87.2755  -> 19.1362 -87.2755   =  -0
979  -72.3513 35.0344  -> -72.3513 35.0344   =  -0
980  -42.1493 67.1162  -> -42.1493 67.1162   =  -0
981  -28.406 -72.4425  -> -28.406 -72.4425   =  -0
982  -49.7508 23.9053  -> -49.7508 23.9053   =  -0
983  -3.10951 -65.7518  -> -3.10951 -65.7518   =  -0
984  -32.4337 31.023  -> -32.4337 31.023   =  -0
985  -56.4528 65.1153  -> -56.4528 65.1153   =  0
986  60.0948 86.8567  -> 60.0948 86.8567   =  0
987  17.882 83.6247  -> 17.882 83.6247   =  0
988  -41.2725 -92.4059  -> -41.2725 -92.4059   =  -0
989  -70.2541 53.9291  -> -70.2541 53.9291   =  0
990  -36.8767 34.3695  -> -36.8767 34.3695   =  0
991  -43.1586 71.2471  -> -43.1586 71.2471   =  0
992  -94.9955 -46.9139  -> -94.9955 -46.9139   =  0
993  -25.1646 24.1407  -> -25.1646 24.1407   =  -0
994  -34.1894 2.48413  -> -34.1894 2.48413   =  -0
995  -40.8249 23.6613  -> -40.8249 23.6613   =  0
996  -30.3997 30.769  -> -30.3997 30.769   =  -0
997  51.2189 19.8495  -> 51.2189 19.8495   =  -0
998  -45.3256 -51.8907  -> -45.3256 -51.8907   =  0
999  54.0977 22.2407  -> 54.0977 22.2407   =  -0

Best time: 0.00000000 seconds
Average time: 0.00421800 seconds
Worst time: 0.01000000 seconds


Best solution: -1.00000000
Average solution: -0.00100000
Worst solution: 0.00000000

3.14159 3.14159 
